00673
00674
00678
00679
00684
00695
00720
00729
00734
00737
00739
00741
00747
00748
00749
00764
00767
00775
00791
00794
00795
00798
00799
00801
00818
00821
00824
00825
00840
00850
00855
00856
00858
00861
00863
00871
00875
00876
00884
00889
00890
00899
00905
00907
00912
00918
00919
00921
00937
00939
00951
00952
00977
00982
00983
00986
01051
01052
01071
01086
01100
01110
01119
01120
01121
01122
01132
01161
01163
01176
01188
01205
01206
01207
01208
01212
01214
01216
01217
01218
01220
01222
01224
01225
01226
01232
01233
01235
01236
01238
01239
01242
01256
01258
01277
01280
01297
01303
01307
01308
01312
01315
01319
01320
01321
01323
01324
01325
01326
01327
01328
01330
01331
01332
01333
01334
01335
01336
01337
01339
01340
01341
01342
01343
01345
01358
01361
01371
01372
01374
01375
01385
01390
01394
01395
01409
01410
01411
01412
01413
01416
01423
01430
01456
01469
01471
01477
01492
01524
01528
01530
01531
01532
01533
01534
01538
01539
01546
01548
01550
01552
01555
01559
01560
01563
01564
01571
01572
01637
01640
01641
01656
01657
01658
01659
01664
01665
01666
01667
01668
01674
01675
01676
01712
01716
01718
01719
01720
01726
01728
01734
01735
01750
01786
01799
01801
01802
01803
01816
01818
01819
01872
01873
01875
01876
01884
01886
01887
01888
01890
01893
01895
01897
01907
01908
01925
01926
01928
01933
01934
01950
01951
01955
01956
01957
01958
01959
01960
01961
01970
01995
01996
01997
02000
02001
02028
02029
02043
02046
02047
02049
02050
02055
02056
02059
02060
02061
02074
02077
02080
02101
02103
02106
02113
02121
02124
02146
02165
02167
02170
02185
02197
02206
02207
02221
02225
02287
02361
02374
02375
02376
02377
02378
02379
02380
02381
00061
00062
00063
00065
00066
00067
00072
00073
00074
00075
00076
00078
00079
00081
00083
00084
00085
00091
00092
00093
00094
00095
00098
00104
00105
00106
00107
00109
00110
00111
00112
00114
00115
00116
00120
00121
00122
00124
00125
00127
00128
00129
00130
00132
00133
00134
00137
00138
00139
00141
00142
00145
00146
00147
00150
00152
00153
00154
00155
00157
00158
00159
00160
00161
00162
00163
00164
00262
00408
00416
00420
00442
00444
00445
00446
00464
00465
00469
00480
00487
00489
00490
00497
00504
00507
00509
00510
00511
00517
00518
00522
00523
00526
00527
00528
00535
00538
00540
00542
00546
00547
00548
00550
00551
00552
00554
00555
00556
00563
00567
00571
00572
00573
00574
00583
00584
00585
00586
00590
00597
00605
00606
00617
00618
00631
00636
00637
00639
00662
00663
00664
00667
00668
